Mean Noise Amplitude <length scales>
-----------ALL SAMPLES-------------
12209.651607207643 100061.73209371832 177696.5921955869 0.20670653193318297 1.7838805396796387 1.838819763037906 1.118100291015147 1.7585700796658357 1.4867857278271377 0.7329458376636884 1.6965395550921076 1.9322283593612912 1.4999324038812405 
11792.548554029494 100129.9374789312 178090.93039965842 0.20080463853914385 1.5197883253275075 1.8889756291105306 0.9885345394042087 0.8266595181200622 1.6062403245044252 1.1976517674263367 1.9392275806227275 1.8209439123366629 1.3778980970077828 
11826.213798875766 100098.79638259087 178416.9394988441 0.19596943953256535 1.9976168657075544 1.5916490062360766 1.8135621694440602 1.6013938347402812 1.9089463182089588 1.547480756839326 1.943749709703051 1.898868274944865 1.5717013279247207 
11953.960302180732 99593.09220317664 178444.6641740179 0.19237299543927341 1.809105285750415 1.6965376281921987 1.76179815751208 1.920080859541121 1.6267975012525215 0.5079856259496345 1.9811655670456672 1.138000922168155 0.7131771429785136 
11889.595575940033 99561.50515592344 178504.97558596297 0.24725840878431715 1.1302892796211537 1.5402672937503672 1.6009721794898975 1.6560652803117857 1.7373162348881162 0.5162759197089748 1.9497084133518365 1.3052184632717516 1.3777738751163957 
12649.002184452851 99280.89246434679 178584.70272782672 0.23712059361400872 1.850349455973256 1.1509465593762485 1.4594950510671287 1.7820858681252536 1.860657551500386 0.5651346377074569 1.9349054790850877 1.9588060519736086 0.7717247414021131 
12847.449875591961 99757.04322633364 179357.5734654503 0.24943044103978063 1.9878149601195112 1.8984945630938943 1.4639929833135963 1.5124285079223077 1.43055300479792 0.3256790383555974 1.9136963718503313 1.923238641582969 1.9760630880716035 
12546.313043316486 99683.92603887324 179500.1656888365 0.27172927839395083 1.870485523303381 1.7508711154190184 1.856769175483591 1.5908729855069834 1.476498733126404 0.44180565360039037 1.9210440912679894 1.965727237275652 1.391518849894092 
12192.110211171701 99943.12546083052 179482.02172126004 0.2639108189598512 1.4756086743341739 1.6950606133968613 1.530094829220991 1.31925409475504 1.3866936503955047 0.3236909043477422 1.936729346813509 1.9927964241882108 0.9237061219101041 
11877.914447105468 99793.34984330068 179811.42974603386 0.29533355454104593 1.6649299583803678 1.8872493669204942 1.0262399449716906 1.4464664524155655 1.376212567322692 0.3607728080503571 1.6838852100525359 1.768642686668469 0.8733089192931448 
-----------MEAN OF SAMPLES-------------
12178.475959987214 99790.34003480253 178788.9995203478 0.23606367007771203 1.7089868868196962 1.6938871538533598 1.461955932092239 1.5413877481104237 1.5896701613824067 0.6519422949649505 1.8900651324884843 1.7704470973771635 1.2476804567479711 
